INF  13  29  33  47  45  48  15  77  48  41  58  19  26  43  24  37  11  15  54  54  15   0  53  41
 51 INF  63  53  44  48  94  88  99  39  77  69  56   0  59  50  67  65  46  40  84  37  43  41  55
 42  65 INF  30  47  22   0  22  84  57  23  18  63  17  81  32  39  61  23  53  39  43  21  36  66
 81  70  96 INF  82  72  74  96 100 103  96  59  72  94  92  67  85  99  84  77  79  66  76   0 103
  0  36  40  32 INF  15  34   0  21  21  14  10   2  42  51  26  28  11   4   0  36  33  44   0   1
 81  41  78  89  54 INF  81  94  69   0  74  53  86  73  60  87  91  71  40  46  52  59  59  45  64 
 57  84  82  83  65  86 INF  66 110  76  59  89  65  72  88   0  72  68  96  54  59  82  50  78  35
 98  85  60  61  70  73 106 INF  90  78 105   0  81  81  84  95  69  56  66  92  79  57  75  63 100
 54  61  69  86  92  68  97  93 INF  45  88  56  93  72  75  81  51  90  51  72   0  60  62  89  44
 11  14  28  11   7  19  40  28  67 INF   8  28  35  12  41   9  16   6  24   9  12   0  46   3  22
 43  32  40  11   0  20  13   5  24  45 INF   0  26  16  50  49  29  39  21   0   4  22  49  50  41
 20  29  16  24  48  44  54  41  75   9  47 INF  34  19  46  37   0  29  11  40  10  36  46  20  57 
 72  62  67  66  60  47  63  60  84  57  46  71 INF  52  60  56  58  36   0  56  72  67  65  42  30
 77  80  41  77  77  89  52  45   0  65  55  74  84 INF  97   9  51  86  58  89  76  77  44  49  44
 61  23  35  62  37  53  41  34  43  30   0  28  27  38 INF  56  70  64  69  64  31  35  66  75  65
106 101   0  78  93  89  96  69 128 105  71  97  80  70 115 INF 115  89  99  89  72  80  86 108 104
 91  66  66  55   0  45  96  92  79  62  95  52  79  53  58  62 INF  55  42  65  59  54  85  46  63
100   0 120 104 107  95 130 130 146 103 119 129  78 103 102  94 127 INF  88 103 108  87 113 121 126
 31  55  50  36  32   0  35  46  88  42  42  39  53  40  65  20  33  60 INF  54  57  60  42  24  40
 57  75 105  78  73  96 105   0 124  71  87  77 103 101 115  78  92  77  64 INF  60 101 106  90  83
 70  44  53  90  59  71  95  68 104  62  95  68  66  64  60  64  60   0  69  81 INF  45  79  91  71
127 104  77   0 112 107 133 105 113 121 107 116 127  79 141 118  86  83 118  85 125 INF 107  92 117 
 28   0  10   1  30  13   0   9   0  14   0  18  10  12   0   1   0  39  19  39  11  19 INF  31   0
 27  31  27  47  20  31  31  15  50  19  26  32  41  11   0  57  48  53  48  26  58  18  59 INF  21
 31  18  47  33  21  39  50  65  57  36  41  61   0  53  58  55  57  21  38  29  47  18  51  44 INF