INF 111  79  95  57  81  93  72  62 103  78 101  57  45  77 124  89  42  48  48  46  46   0  72 106
 93 INF  49  45  63  96  70  52  62   0  78 118  65  75  92  56  84  73  63  45  55 106  57 111 103
 28   0 INF  39  41  48  40  93  76  81  78  38  26  40  43  84  44  86  54  20  80  53  49  80  65
 34  21  13 INF  27  70  32  24  12  68  22  57  22  50  33  58  18   0  28  19  70  51  63  29  69
 72  33  56  60 INF  74   0  47  85  94  64 110  35  42  79 106  68  36  93  97  16  33  79  37  90 
 51  12  71  56  25 INF   0  78  46  29  63  47  62   0  14  54  51  41  54  72  54  40  65  47  69
 73  86  71  87  20  91 INF  84  85  40  24  39  35  30  32   0  25  65  80  62  42  33  63  54  47
 48   9  46  46   0   0   4 INF  16  36  24   3  53  48  29  26  30  55  54  46   0  58  41  52  25
108  39  87  93  47 109  67  68 INF  98  58  84  93  52  85  59   0  65  89  47 100  75  92  55 104
128 109  74  76  87 120  64 114 129 INF  88 111  69 120 102  83  77 100  69   0 103 113 107  78 121
 27   3  39  65  12  61  28  71  18  61 INF  54  64  28  33  64  41   1   0  49  53   0  37  56  72
 31  68  53   0  13  24  20  35  69  56  59 INF  29  20  25  57  46  13  41  64  46   7  19  15  31
109 104  87 103  87  91 115 118   0  64  81 114 INF  84  52 126 126  63  97  96  62  87  86  93  74
 52  30  26  51   4  23  30  72  31   5  24  27  13 INF  56  76  18  26  47  27  11  25  46   0  40
 91  89  54  60 108  76  79  92  91 102   0  82  72  76 INF 126  68 109  61  94  73 111  56 100 121
 52  68   0  29  33  32  80  72  82  57  26 101  29  39  76 INF 102  71  27  60  86  39  88  51  93
 97 116  93 110  63  98 123 103  75  87 120 114 124 101  97 140 INF  65  88  96 122   0  98 125  80
  0  12  34  48  31  60  53   0   9  41  40  58   2  24   0   0   0 INF  47   8  44  14  23   0   0
114  71  69  87 100   0 124  97 106  67  85  81  95 116 112  76  89  67 INF  83  85  93  66  98  92
 76  57  39  76  44  79  77   0  36  33  83  44  51  30  59  81  73  84  69 INF  61  85  72  74  29
  0   0   0  32  41  57  16  56  46  33  46   0   0  51  23  22   4  29  41  34 INF   7  26  15  32
115 109  73  78  97 111  84  68  68  77  53  64 123  71  68 133 118  80 101 111  47 INF 108 109   0
 27   1  20   0  28  16  36  61   0  18  47  55   0  53  31  50  22  22  46  13  39  25 INF   6  64
 20  22  48  17  45  50   7  81  38  11  32   0  57   0   9  16  67  39  64  28  49  58  56 INF  79
124  95  91 124  75 123  97 124 122  92 134 115 144  54 112 117 115  86 134 100   0  80  88 122 INF